%YAML:1.0
R: !!opencv-matrix
   rows: 3
   cols: 3
   dt: d
   data: [ 7.7328937228524186e-01, 8.5742541498585109e-02,
       6.2822906912053988e-01, -1.8254936946776890e-01,
       9.7896816265437636e-01, 9.1088222158709847e-02,
       -6.0720612185452860e-01, -1.8512037458496536e-01,
       7.7267792287336989e-01 ]
T: !!opencv-matrix
   rows: 3
   cols: 1
   dt: d
   data: [ -1.5154116169455508e+01, -1.8292595585122903e-01,
       3.7798682910264816e+00 ]
R1: !!opencv-matrix
   rows: 3
   cols: 3
   dt: d
   data: [ 8.9505442111443145e-01, 1.3945163278313452e-01,
       4.2359275885882153e-01, -1.6655854958214342e-01,
       9.8564934226054335e-01, 2.7452206877608673e-02,
       -4.1368566908294346e-01, -9.5124214664175602e-02,
       9.0543666315205129e-01 ]
R2: !!opencv-matrix
   rows: 3
   cols: 3
   dt: d
   data: [ 9.7020629345974130e-01, 1.1711399834832737e-02,
       -2.4199708933170863e-01, -2.7039602251263676e-02,
       9.9782505653879949e-01, -6.0116690306727304e-02,
       2.4076670874770811e-01, 6.4869096319049982e-02,
       9.6841282121910488e-01 ]
P1: !!opencv-matrix
   rows: 3
   cols: 4
   dt: d
   data: [ -2.2753809724328616e+02, 0., 2.9064991867542267e+03, 0., 0.,
       -2.2753809724328616e+02, 1.1429227256774902e+02, 0., 0., 0., 1.,
       0. ]
P2: !!opencv-matrix
   rows: 3
   cols: 4
   dt: d
   data: [ -2.2753809724328616e+02, 0., 2.9064991867542267e+03,
       3.5540263775300923e+03, 0., -2.2753809724328616e+02,
       1.1429227256774902e+02, 0., 0., 0., 1., 0. ]
Q: !!opencv-matrix
   rows: 4
   cols: 4
   dt: d
   data: [ 1., 0., 0., -2.9064991867542267e+03, 0., 1., 0.,
       -1.1429227256774902e+02, 0., 0., 0., -2.2753809724328616e+02, 0.,
       0., 6.4022624784629806e-02, 0. ]
